[DASH_CAM]
POS=-0.310558,0.942092,0.16113
EXP=26
